! Species         Shape    LJ-depth  LJ-diam   DiplMom   Polzblty  RotRelaxNum Data     
! Name            Index    epsilon/k_B sigma     mu        alpha     Zrot      Source   
AR                  0     136.500     3.330     0.000     0.000     0.000    ! 
N2                  1      97.530     3.621     0.000     1.760     4.000    ! 
H                   0     145.000     2.050     0.000     0.000     0.000    ! 
O                   0      80.000     2.750     0.000     0.000     0.000    ! 
OH                  1      80.000     2.750     0.000     0.000     0.000    ! 
HO2                 2     107.400     3.458     0.000     0.000     1.000    ! 
H2                  1      38.000     2.920     0.000     0.790   280.000    ! 
H2O                 2     572.400     2.605     1.844     0.000     4.000    ! 
H2O2                2     107.400     3.458     0.000     0.000     3.800    ! 
O2                  1     107.400     3.458     0.000     1.600     3.800    ! 
C                   0      71.400     3.298     0.000     0.000     0.000    ! 
CH                  1      80.000     2.750     0.000     0.000     0.000    ! 
CH2                 1     144.000     3.800     0.000     0.000     0.000    ! 
CH2*                1     144.000     3.800     0.000     0.000     0.000    ! 
CH3                 1     144.000     3.800     0.000     0.000     0.000    ! 
CH4                 2     141.400     3.746     0.000     2.600    13.000    ! 
HCO                 2     498.000     3.590     0.000     0.000     0.000    ! 
CH2O                2     498.000     3.590     0.000     0.000     2.000    ! 
CH3O                2     417.000     3.690     1.700     0.000     2.000    ! 
CH2OH               2     417.000     3.690     1.700     0.000     2.000    ! 
CH3OH               2     481.800     3.626     0.000     0.000     1.000    ! 
CO                  1      98.100     3.650     0.000     1.950     1.800    ! 
CO2                 1     244.000     3.763     0.000     2.650     2.100    ! 
C2H                 1     209.000     4.100     0.000     0.000     2.500    ! 
C2H2                1     209.000     4.100     0.000     0.000     2.500    ! 
C2H3                2     209.000     4.100     0.000     0.000     1.000    ! 
C2H4                2     280.800     3.971     0.000     0.000     1.500    ! 
C2H5                2     252.300     4.302     0.000     0.000     1.500    ! 
C2H6                2     252.300     4.302     0.000     0.000     1.500    ! 
HCCO                2     150.000     2.500     0.000     0.000     1.000    ! 
HCCOH               2     436.000     3.970     0.000     0.000     2.000    ! 
CH2CO               2     436.000     3.970     0.000     0.000     2.000    ! 
CH3CO               2     436.000     3.970     0.000     0.000     2.000    ! 
CH3CHO              2     436.000     3.970     0.000     0.000     2.000    ! 
C3H3                2     252.000     4.760     0.000     0.000     1.000    ! 
pC3H4               1     252.000     4.760     0.000     0.000     1.000    ! 
aC3H4               1     252.000     4.760     0.000     0.000     1.000    ! 
cC3H4               1     252.000     4.760     0.000     0.000     1.000    ! 
aC3H5               2     266.800     4.982     0.000     0.000     1.000    ! 
CH3CCH2             2     266.800     4.982     0.000     0.000     1.000    ! 
C3H6                2     266.800     4.982     0.000     0.000     1.000    ! 
nC3H7               2     266.800     4.982     0.000     0.000     1.000    ! 
iC3H7               2     266.800     4.982     0.000     0.000     1.000    ! 
C3H8                2     266.800     4.982     0.000     0.000     1.000    ! 
C2H3CHO             2     357.000     5.176     0.000     0.000     1.000    ! 
C4H2                1     357.000     5.180     0.000     0.000     1.000    ! 
C4H4                2     357.000     5.180     0.000     0.000     1.000    ! 
C4H6                2     357.000     5.180     0.000     0.000     1.000    ! 
C4H612              2     357.000     5.180     0.000     0.000     1.000    ! 
C4H7                2     357.000     5.176     0.000     0.000     1.000    ! 
C4H81               2     357.000     5.176     0.000     0.000     1.000    ! 
H2C4O               2     357.000     5.180     0.000     0.000     1.000    ! 
C5H4O               2     464.800     5.290     0.000    10.320     0.000    ! 
C5H4OH              2     464.800     5.290     0.000    10.320     0.000    ! 
C5H5                1     357.000     5.180     0.000     0.000     1.000    ! 
C5H6                1     357.000     5.180     0.000     0.000     1.000    ! 
C6H2                1     357.000     5.180     0.000     0.000     1.000    ! 
C6H3                2     357.000     5.180     0.000     0.000     1.000    ! 
l-C6H4              2     412.300     5.349     0.000     0.000     1.000    ! 
C6H5O               2     464.800     5.290     0.000    10.320     0.000    ! 
C6H5OH              2     464.800     5.290     0.000    10.320     0.000    ! 
C2O                 1     232.400     3.828     0.000     0.000     1.000    ! 
CH3CHCH             2     266.800     4.982     0.000     0.000     1.000    ! 
CH2CHCO             1     357.000     5.180     0.000     0.000     1.000    ! 
CH3CHOCH2           2     357.000     5.180     0.000     0.000     1.000    ! 
CH3CH2CHO           1     252.000     4.760     0.000     0.000     1.000    ! 
CH3COCH3            2     357.000     5.176     0.000     0.000     1.000    ! 
CH2CHO              2     436.000     3.970     0.000     0.000     2.000    ! 
CH2OCH              1     252.000     4.760     0.000     0.000     1.000    ! 
CH2OCH2             1     252.000     4.760     0.000     0.000     1.000    ! 
H2CC                2     209.000     4.100     0.000     0.000     2.500    ! 
tC4H9               2     357.000     5.176     0.000     0.000     1.000    ! 
iC4H5               2     357.000     5.180     0.000     0.000     1.000    ! 
c-C4H5              2     329.000     5.100     0.000     0.000     1.000    ! 
C4H6O23             1     357.000     5.180     0.000     0.000     1.000    ! 
nC4H3               2     357.000     5.180     0.000     0.000     1.000    ! 
iC4H3               2     357.000     5.180     0.000     0.000     1.000    ! 
iC4H8               2     357.000     5.176     0.000     0.000     1.000    ! 
iC4H10              2     357.000     5.176     0.000     0.000     1.000    ! 
nC4H5               2     357.000     5.180     0.000     0.000     1.000    ! 
C4H5-2              2     357.000     5.180     0.000     0.000     1.000    ! 
C5H5O(1,3)          2     494.000     5.200     1.600     0.000     1.000    ! 
C2H3CHOCH2          1     357.000     5.180     0.000     0.000     1.000    ! 
CH3CHCHCHO          1     357.000     5.180     0.000     0.000     1.000    ! 
iC4H7               2     357.000     5.176     0.000     0.000     1.000    ! 
iC4H9               2     357.000     5.176     0.000     0.000     1.000    ! 
CH2CHCHCHO          1     357.000     5.180     0.000     0.000     1.000    ! 
C4H6-2              2     357.000     5.180     0.000     0.000     1.000    ! 
CH3CHCHCO           1     357.000     5.180     0.000     0.000     1.000    ! 
o-C6H4              2     464.800     5.290     0.000    10.320     0.000    ! 
C4H82               2     357.000     5.176     0.000     0.000     1.000    ! 
pC4H9               2     357.000     5.176     0.000     0.000     1.000    ! 
sC4H9               2     357.000     5.176     0.000     0.000     1.000    ! 
C4H4O               1     357.000     5.180     0.000     0.000     1.000    ! 
C4H10               2     357.000     5.176     0.000     0.000     1.000    ! 
C6H6                2     464.800     5.290     0.000    10.320     0.000    ! 
C6H5                2     464.800     5.290     0.000    10.320     0.000    ! 
C6H5CH3             2     495.300     5.680     0.430    12.300     1.000    ! 
C6H5CH2             2     495.300     5.680     0.430    12.300     1.000    ! 
C6H5CH2OH           2     572.000     5.820     1.700     0.000     1.000    ! 
C6H5CHO             2     593.000     5.470     2.800     0.000     1.000    ! 
C6H5CO              2     593.000     5.500     2.800     0.000     1.000    ! 
C6H4O2              2     485.000     5.425     0.400     0.000     1.000    ! 
C4H6O25             1     357.000     5.180     0.000     0.000     1.000    ! 
C5H5O(2,4)          2     494.000     5.200     1.600     0.000     1.000    ! 
C5H5OH              2     464.800     5.290     0.000    10.320     0.000    ! 
lC5H7               1     357.000     5.180     0.000     0.000     1.000    ! 
C6H5C2H             2     535.600     5.720     0.770    12.000     1.000    ! 
OC6H4CH3            2     567.000     5.600     1.600     0.000     1.000    ! 
HOC6H4CH3           2     567.000     5.600     1.600     0.000     1.000    ! 
C6H4CH3             2     495.300     5.680     0.430    12.300     1.000    ! 
C2H5OH              2     470.600     4.410     0.000     0.000     1.500    ! 
CH3CHOH             2     470.600     4.410     0.000     0.000     1.500    ! 
C2H4OH              2     470.600     4.410     0.000     0.000     1.500    ! 
CH3CH2O             2     470.600     4.410     0.000     0.000     1.500    ! 
HOC2H4O2            2     443.200     4.120     0.000     0.000     1.000    ! 
